date,year,col1,col2,col3
Q2-20,2020,14.60,127.00,12
Q1-20,2020,19.00,92.00,10
Q4-19,2019,2.00,22.00,8
Q3-19,2019,2.50,21.00,9
Q2-19,2019,2.20,31.00,12
Q1-19,2019,1.50,42.00,5
Q4-18,2018,1.90,58.00,2
Q3-18,2018,1.60,60.00,-2
Q2-18,2018,1.60,50.00,-10
Q1-18,2018,1.90,66.00,-12
Q4-17,2017,1.50,,5
Q3-17,2017,1.10,109.00,8
Q2-17,2017,0.70,126.00,10
Q1-17,2017,-0.20,,12
Q4-16,2016,-0.70,,
Q3-16,2016,0.10,,
Q2-16,2016,1.70,,
Q1-16,2016,2.40,,
Q4-15,2015,3.90,,
Q3-15,2015,5.40,,
Q2-15,2015,5.30,,
Q1-15,2015,5.70,,
